0.000000 0.000000 1.000000
0.100000 0.099833 0.995004
0.200000 0.198669 0.980067
0.300000 0.295520 0.955336
0.400000 0.389418 0.921061
0.500000 0.479426 0.877583
0.600000 0.564642 0.825336
0.700000 0.644218 0.764842
0.800000 0.717356 0.696707
0.900000 0.783327 0.621610
1.000000 0.841471 0.540302
1.100000 0.891207 0.453596
1.200000 0.932039 0.362358
1.300000 0.963558 0.267499
1.400000 0.985450 0.169967
1.500000 0.997495 0.070737
1.600000 0.999574 -0.029200
1.700000 0.991665 -0.128844
1.800000 0.973848 -0.227202
1.900000 0.946300 -0.323290
2.000000 0.909297 -0.416147
2.100000 0.863209 -0.504846
2.200000 0.808496 -0.588501
2.300000 0.745705 -0.666276
2.400000 0.675463 -0.737394
2.500000 0.598472 -0.801144
2.600000 0.515501 -0.856889
2.700000 0.427380 -0.904072
2.800000 0.334988 -0.942222
2.900000 0.239249 -0.970958
3.000000 0.141120 -0.989992
3.100000 0.041581 -0.999135
3.200000 -0.058374 -0.998295
3.300000 -0.157746 -0.987480
3.400000 -0.255541 -0.966798
3.500000 -0.350783 -0.936457
3.600000 -0.442520 -0.896758
3.700000 -0.529836 -0.848100
3.800000 -0.611858 -0.790968
3.900000 -0.687766 -0.725932
4.000000 -0.756802 -0.653644
4.100000 -0.818277 -0.574824
4.200000 -0.871576 -0.490261
4.300000 -0.916166 -0.400799
4.400000 -0.951602 -0.307333
4.500000 -0.977530 -0.210796
4.600000 -0.993691 -0.112153
4.700000 -0.999923 -0.012389
4.800000 -0.996165 0.087499
4.900000 -0.982453 0.186512
5.000000 -0.958924 0.283662
5.100000 -0.925815 0.377978
5.200000 -0.883455 0.468517
5.300000 -0.832267 0.554374
5.400000 -0.772764 0.634693
5.500000 -0.705540 0.708670
5.600000 -0.631267 0.775566
5.700000 -0.550686 0.834713
5.800000 -0.464602 0.885520
5.900000 -0.373877 0.927478
6.000000 -0.279415 0.960170
6.100000 -0.182163 0.983268
6.200000 -0.083089 0.996542
6.300000 0.016814 0.999859
6.400000 0.116549 0.993185
6.500000 0.215120 0.976588
6.600000 0.311541 0.950233
6.700000 0.404850 0.914383
6.800000 0.494113 0.869397
6.900000 0.578440 0.815725
7.000000 0.656987 0.753902
7.100000 0.728969 0.684547
7.200000 0.793668 0.608351
7.300000 0.850437 0.526078
7.400000 0.898708 0.438547
7.500000 0.938000 0.346635
7.600000 0.967920 0.251260
7.700000 0.988168 0.153374
7.800000 0.998543 0.053955
7.900000 0.998941 -0.046002
8.000000 0.989358 -0.145500
8.100000 0.969890 -0.243544
8.200000 0.940731 -0.339155
8.300000 0.902172 -0.431377
8.400000 0.854599 -0.519289
8.500000 0.798487 -0.602012
8.600000 0.734397 -0.678720
8.700000 0.662969 -0.748647
8.800000 0.584917 -0.811093
8.900000 0.501021 -0.865435
9.000000 0.412118 -0.911130
9.100000 0.319098 -0.947722
9.200000 0.222890 -0.974844
9.300000 0.124454 -0.992225
9.400000 0.024775 -0.999693
9.500000 -0.075151 -0.997172
9.600000 -0.174327 -0.984688
9.700000 -0.271761 -0.962365
9.800000 -0.366479 -0.930426
9.900000 -0.457536 -0.889191
