0 0 3
0 0 3
0 0 3
0 0 3
0 0 3
0 0 3
0 0 3
0 0 3
0 0 3
0 0 3
0 0 3
0 0 3
0 0 3
0 0 3
0 0 3
0 0 3
-0 0 3
-0 0 3
-0 0 3
-0 0 3
-0 0 3
-0 0 3
-0 0 3
-0 0 3
-0 0 3
-0 0 3
-0 0 3
-0 0 3
-0 0 3
-0 0 3
-0 0 3
-0 0 3
-0 -0 3
-0 -0 3
-0 -0 3
-0 -0 3
-0 -0 3
-0 -0 3
-0 -0 3
-0 -0 3
-0 -0 3
-0 -0 3
-0 -0 3
-0 -0 3
-0 -0 3
-0 -0 3
-0 -0 3
-0 -0 3
0 -0 3
0 -0 3
0 -0 3
0 -0 3
0 -0 3
0 -0 3
0 -0 3
0 -0 3
0 -0 3
0 -0 3
0 -0 3
0 -0 3
0 -0 3
0 -0 3
0 -0 3
0.2995 0 2.98501
0.298004 0.0299001 2.98501
0.29353 0.0595015 2.98501
0.286124 0.0885084 2.98501
0.275858 0.116631 2.98501
0.262836 0.143588 2.98501
0.247188 0.169111 2.98501
0.22907 0.192943 2.98501
0.208664 0.214848 2.98501
0.186172 0.234607 2.98501
0.161821 0.252021 2.98501
0.135852 0.266917 2.98501
0.108526 0.279146 2.98501
0.0801159 0.288586 2.98501
0.0509051 0.295142 2.98501
0.0211857 0.29875 2.98501
-0.00874534 0.299373 2.98501
-0.038589 0.297004 2.98501
-0.0680472 0.291668 2.98501
-0.0968254 0.283417 2.98501
-0.124636 0.272335 2.98501
-0.151202 0.258531 2.98501
-0.176256 0.242145 2.98501
-0.19955 0.223339 2.98501
-0.22085 0.202301 2.98501
-0.239943 0.179243 2.98501
-0.256638 0.154393 2.98501
-0.27077 0.128 2.98501
-0.282196 0.100329 2.98501
-0.290802 0.0716554 2.98501
-0.296503 0.0422657 2.98501
-0.299241 0.0124537 2.98501
-0.29899 -0.0174828 2.98501
-0.29575 -0.0472446 2.98501
-0.289556 -0.0765343 2.98501
-0.280469 -0.105059 2.98501
-0.26858 -0.132535 2.98501
-0.254006 -0.158686 2.98501
-0.236895 -0.183251 2.98501
-0.217417 -0.205986 2.98501
-0.195767 -0.226662 2.98501
-0.17216 -0.245074 2.98501
-0.146834 -0.261037 2.98501
-0.12004 -0.274392 2.98501
-0.0920468 -0.285005 2.98501
-0.063134 -0.29277 2.98501
-0.0335903 -0.297611 2.98501
-0.00371104 -0.299477 2.98501
0.0262053 -0.298352 2.98501
0.0558598 -0.294245 2.98501
0.0849562 -0.287198 2.98501
0.113204 -0.277282 2.98501
0.14032 -0.264595 2.98501
0.166035 -0.249265 2.98501
0.19009 -0.231444 2.98501
0.212246 -0.21131 2.98501
0.232282 -0.189065 2.98501
0.249996 -0.164931 2.98501
0.265213 -0.139149 2.98501
0.27778 -0.111977 2.98501
0.287571 -0.083686 2.98501
0.294489 -0.0545587 2.98501
0.298465 -0.0248864 2.98501
0.596008 0 2.9402
0.59303 0.0595015 2.9402
0.584128 0.118409 2.9402
0.569388 0.176132 2.9402
0.54896 0.232096 2.9402
0.523046 0.285741 2.9402
0.491907 0.336531 2.9402
0.455852 0.383959 2.9402
0.415243 0.42755 2.9402
0.370484 0.466869 2.9402
0.322024 0.501523 2.9402
0.270347 0.531167 2.9402
0.215968 0.555503 2.9402
0.159431 0.574288 2.9402
0.101302 0.587336 2.9402
0.0421598 0.594515 2.9402
-0.0174033 0.595754 2.9402
-0.0767925 0.59104 2.9402
-0.135414 0.580421 2.9402
-0.192683 0.564002 2.9402
-0.248027 0.541948 2.9402
-0.300892 0.51448 2.9402
-0.350751 0.48187 2.9402
-0.397106 0.444446 2.9402
-0.439492 0.402582 2.9402
-0.477488 0.356694 2.9402
-0.510712 0.307243 2.9402
-0.538834 0.254722 2.9402
-0.561572 0.199656 2.9402
-0.578699 0.142595 2.9402
-0.590043 0.0841091 2.9402
-0.595493 0.0247829 2.9402
-0.594992 -0.0347909 2.9402
-0.588546 -0.0940171 2.9402
-0.57622 -0.152304 2.9402
-0.558136 -0.209069 2.9402
-0.534476 -0.263745 2.9402
-0.505475 -0.315786 2.9402
-0.471424 -0.364671 2.9402
-0.432662 -0.409913 2.9402
-0.389578 -0.45106 2.9402
-0.3426 -0.487699 2.9402
-0.2922 -0.519466 2.9402
-0.23888 -0.546042 2.9402
-0.183174 -0.567162 2.9402
-0.125637 -0.582616 2.9402
-0.066845 -0.592248 2.9402
-0.00738499 -0.595962 2.9402
0.0521488 -0.593722 2.9402
0.111162 -0.58555 2.9402
0.169064 -0.571527 2.9402
0.225276 -0.551794 2.9402
0.279238 -0.526547 2.9402
0.33041 -0.496039 2.9402
0.378281 -0.460575 2.9402
0.422372 -0.420509 2.9402
0.462242 -0.376241 2.9402
0.497494 -0.328214 2.9402
0.527776 -0.276908 2.9402
0.552784 -0.222835 2.9402
0.572269 -0.166536 2.9402
0.586035 -0.108572 2.9402
0.593947 -0.049524 2.9402
0.886561 0 2.86601
0.882132 0.0885084 2.86601
0.868888 0.176132 2.86601
0.846964 0.261997 2.86601
0.816576 0.345243 2.86601
0.77803 0.42504 2.86601
0.73171 0.50059 2.86601
0.678079 0.571138 2.86601
0.617673 0.63598 2.86601
0.551095 0.694467 2.86601
0.479011 0.746015 2.86601
0.40214 0.790109 2.86601
0.321252 0.826309 2.86601
0.237154 0.854253 2.86601
0.150686 0.873661 2.86601
0.0627126 0.88434 2.86601
-0.0258874 0.886183 2.86601
-0.114229 0.879171 2.86601
-0.201429 0.863375 2.86601
-0.286616 0.838952 2.86601
-0.36894 0.806147 2.86601
-0.447577 0.765287 2.86601
-0.521742 0.716781 2.86601
-0.590694 0.661113 2.86601
-0.653744 0.598839 2.86601
-0.710262 0.530582 2.86601
-0.759684 0.457024 2.86601
-0.801515 0.378899 2.86601
-0.835337 0.296988 2.86601
-0.860813 0.21211 2.86601
-0.877688 0.125112 2.86601
-0.885794 0.0368645 2.86601
-0.885049 -0.0517514 2.86601
-0.875461 -0.13985 2.86601
-0.857126 -0.226552 2.86601
-0.830226 -0.31099 2.86601
-0.795031 -0.39232 2.86601
-0.751893 -0.469731 2.86601
-0.701242 -0.542448 2.86601
-0.643584 -0.609745 2.86601
-0.579496 -0.67095 2.86601
-0.509617 -0.725452 2.86601
-0.434647 -0.772704 2.86601
-0.355334 -0.812236 2.86601
-0.272471 -0.843652 2.86601
-0.186885 -0.866639 2.86601
-0.0994318 -0.880967 2.86601
-0.0109852 -0.886493 2.86601
0.0775712 -0.883161 2.86601
0.165353 -0.871004 2.86601
0.251482 -0.850145 2.86601
0.335098 -0.820792 2.86601
0.415366 -0.783237 2.86601
0.491485 -0.737857 2.86601
0.562692 -0.685104 2.86601
0.628277 -0.625506 2.86601
0.687585 -0.559658 2.86601
0.740022 -0.488218 2.86601
0.785066 -0.4119 2.86601
0.822265 -0.331467 2.86601
0.851248 -0.247722 2.86601
0.871727 -0.161501 2.86601
0.883495 -0.0736669 2.86601
1.16825 0 2.76318
1.16242 0.116631 2.76318
1.14497 0.232096 2.76318
1.11608 0.345243 2.76318
1.07603 0.45494 2.76318
1.02524 0.560091 2.76318
0.964202 0.659646 2.76318
0.893531 0.752611 2.76318
0.813931 0.838055 2.76318
0.726199 0.915126 2.76318
0.631211 0.983053 2.76318
0.529916 1.04116 2.76318
0.423326 1.08886 2.76318
0.312507 1.12568 2.76318
0.198565 1.15126 2.76318
0.0826388 1.16533 2.76318
-0.0341128 1.16776 2.76318
-0.150524 1.15852 2.76318
-0.26543 1.1377 2.76318
-0.377685 1.10552 2.76318
-0.486166 1.06229 2.76318
-0.589789 1.00845 2.76318
-0.687519 0.94453 2.76318
-0.77838 0.871174 2.76318
-0.861464 0.789113 2.76318
-0.93594 0.699168 2.76318
-1.00106 0.602237 2.76318
-1.05619 0.499289 2.76318
-1.10076 0.391352 2.76318
-1.13433 0.279505 2.76318
-1.15656 0.164865 2.76318
-1.16724 0.0485778 2.76318
-1.16626 -0.0681948 2.76318
-1.15363 -0.184286 2.76318
-1.12947 -0.298536 2.76318
-1.09402 -0.409803 2.76318
-1.04764 -0.516975 2.76318
-0.990798 -0.618982 2.76318
-0.924053 -0.714805 2.76318
-0.848075 -0.803485 2.76318
-0.763624 -0.884137 2.76318
-0.671542 -0.955955 2.76318
-0.572751 -1.01822 2.76318
-0.468237 -1.07031 2.76318
-0.359045 -1.11171 2.76318
-0.246265 -1.142 2.76318
-0.131025 -1.16088 2.76318
-0.0144756 -1.16817 2.76318
0.102219 -1.16377 2.76318
0.217891 -1.14776 2.76318
0.331387 -1.12027 2.76318
0.441572 -1.08159 2.76318
0.547344 -1.0321 2.76318
0.647648 -0.972302 2.76318
0.741481 -0.902788 2.76318
0.827905 -0.824253 2.76318
0.906057 -0.737483 2.76318
0.975155 -0.643344 2.76318
1.03451 -0.542777 2.76318
1.08353 -0.436787 2.76318
1.12172 -0.326432 2.76318
1.14871 -0.212816 2.76318
1.16421 -0.0970737 2.76318
1.43828 0 2.63275
1.43109 0.143588 2.63275
1.40961 0.285741 2.63275
1.37404 0.42504 2.63275
1.32474 0.560091 2.63275
1.26221 0.689547 2.63275
1.18706 0.812112 2.63275
1.10005 0.926563 2.63275
1.00206 1.03176 2.63275
0.894047 1.12664 2.63275
0.777104 1.21027 2.63275
0.652397 1.2818 2.63275
0.52117 1.34053 2.63275
0.384737 1.38586 2.63275
0.244459 1.41735 2.63275
0.101739 1.43467 2.63275
-0.0419974 1.43766 2.63275
-0.185314 1.42629 2.63275
-0.32678 1.40066 2.63275
-0.46498 1.36104 2.63275
-0.598535 1.30782 2.63275
-0.726109 1.24153 2.63275
-0.846427 1.16284 2.63275
-0.958289 1.07253 2.63275
-1.06058 0.971503 2.63275
-1.15227 0.860769 2.63275
-1.23244 0.741434 2.63275
-1.30031 0.614691 2.63275
-1.35518 0.481806 2.63275
-1.39651 0.344108 2.63275
-1.42388 0.202971 2.63275
-1.43703 0.0598057 2.63275
-1.43582 -0.0839569 2.63275
-1.42027 -0.226881 2.63275
-1.39052 -0.367537 2.63275
-1.34688 -0.504522 2.63275
-1.28979 -0.636465 2.63275
-1.2198 -0.762049 2.63275
-1.13763 -0.880019 2.63275
-1.04409 -0.989196 2.63275
-0.940122 -1.08849 2.63275
-0.826758 -1.17691 2.63275
-0.705133 -1.25357 2.63275
-0.576462 -1.3177 2.63275
-0.442032 -1.36867 2.63275
-0.303185 -1.40596 2.63275
-0.161309 -1.4292 2.63275
-0.0178213 -1.43817 2.63275
0.125845 -1.43276 2.63275
0.268253 -1.41304 2.63275
0.407981 -1.3792 2.63275
0.543633 -1.33158 2.63275
0.673853 -1.27065 2.63275
0.797341 -1.19703 2.63275
0.912861 -1.11145 2.63275
1.01926 -1.01477 2.63275
1.11548 -0.907939 2.63275
1.20055 -0.792042 2.63275
1.27362 -0.66823 2.63275
1.33397 -0.537742 2.63275
1.38099 -0.401881 2.63275
1.41421 -0.262005 2.63275
1.4333 -0.119511 2.63275
1.69393 0 2.47601
1.68546 0.169111 2.47601
1.66016 0.336531 2.47601
1.61827 0.50059 2.47601
1.56021 0.659646 2.47601
1.48656 0.812112 2.47601
1.39806 0.956463 2.47601
1.29559 1.09126 2.47601
1.18017 1.21515 2.47601
1.05296 1.3269 2.47601
0.915233 1.42539 2.47601
0.768359 1.50964 2.47601
0.613807 1.57881 2.47601
0.453123 1.6322 2.47601
0.287912 1.66928 2.47601
0.119823 1.68968 2.47601
-0.0494623 1.69321 2.47601
-0.218254 1.67981 2.47601
-0.384864 1.64963 2.47601
-0.54763 1.60296 2.47601
-0.704923 1.54028 2.47601
-0.855173 1.46221 2.47601
-0.996878 1.36953 2.47601
-1.12862 1.26317 2.47601
-1.24909 1.14419 2.47601
-1.35708 1.01377 2.47601
-1.45151 0.873222 2.47601
-1.53143 0.723951 2.47601
-1.59606 0.567447 2.47601
-1.64473 0.405272 2.47601
-1.67698 0.239048 2.47601
-1.69246 0.070436 2.47601
-1.69104 -0.09888 2.47601
-1.67272 -0.267208 2.47601
-1.63769 -0.432866 2.47601
-1.58629 -0.594199 2.47601
-1.51904 -0.749596 2.47601
-1.43662 -0.897502 2.47601
-1.33984 -1.03644 2.47601
-1.22968 -1.16502 2.47601
-1.10723 -1.28197 2.47601
-0.973712 -1.3861 2.47601
-0.830469 -1.47638 2.47601
-0.678927 -1.55192 2.47601
-0.520603 -1.61194 2.47601
-0.357076 -1.65586 2.47601
-0.189982 -1.68324 2.47601
-0.0209891 -1.6938 2.47601
0.148213 -1.68743 2.47601
0.315935 -1.6642 2.47601
0.480499 -1.62435 2.47601
0.640263 -1.56826 2.47601
0.793629 -1.49651 2.47601
0.939066 -1.4098 2.47601
1.07512 -1.30901 2.47601
1.20043 -1.19514 2.47601
1.31375 -1.06932 2.47601
1.41394 -0.932826 2.47601
1.5 -0.787007 2.47601
1.57108 -0.633325 2.47601
1.62646 -0.473315 2.47601
1.66558 -0.308576 2.47601
1.68807 -0.140753 2.47601
1.93265 0 2.29453
1.923 0.192943 2.29453
1.89413 0.383959 2.29453
1.84633 0.571138 2.29453
1.78009 0.752611 2.29453
1.69606 0.926563 2.29453
1.59509 1.09126 2.29453
1.47817 1.24505 2.29453
1.34649 1.3864 2.29453
1.20136 1.5139 2.29453
1.04422 1.62627 2.29453
0.876644 1.72239 2.29453
0.700312 1.80131 2.29453
0.516982 1.86222 2.29453
0.328487 1.90453 2.29453
0.13671 1.92781 2.29453
-0.0564331 1.93183 2.29453
-0.249012 1.91654 2.29453
-0.439103 1.88211 2.29453
-0.624807 1.82887 2.29453
-0.804268 1.75736 2.29453
-0.975693 1.66828 2.29453
-1.13737 1.56254 2.29453
-1.28768 1.44119 2.29453
-1.42513 1.30544 2.29453
-1.54833 1.15664 2.29453
-1.65607 0.996286 2.29453
-1.74726 0.825978 2.29453
-1.82099 0.647417 2.29453
-1.87653 0.462387 2.29453
-1.91331 0.272737 2.29453
-1.93098 0.0803626 2.29453
-1.92936 -0.112815 2.29453
-1.90846 -0.304866 2.29453
-1.86849 -0.49387 2.29453
-1.80985 -0.67794 2.29453
-1.73312 -0.855236 2.29453
-1.63908 -1.02399 2.29453
-1.52867 -1.18251 2.29453
-1.40298 -1.32921 2.29453
-1.26327 -1.46263 2.29453
-1.11094 -1.58144 2.29453
-0.947507 -1.68445 2.29453
-0.774609 -1.77063 2.29453
-0.593971 -1.83912 2.29453
-0.407399 -1.88923 2.29453
-0.216756 -1.92046 2.29453
-0.023947 -1.9325 2.29453
0.169101 -1.92524 2.29453
0.360459 -1.89874 2.29453
0.548216 -1.85327 2.29453
0.730495 -1.78928 2.29453
0.905476 -1.70741 2.29453
1.07141 -1.60849 2.29453
1.22664 -1.49349 2.29453
1.36961 -1.36357 2.29453
1.4989 -1.22002 2.29453
1.61321 -1.06429 2.29453
1.7114 -0.89792 2.29453
1.79249 -0.72258 2.29453
1.85567 -0.540019 2.29453
1.90032 -0.352063 2.29453
1.92597 -0.16059 2.29453
2.15207 0 2.09012
2.14132 0.214848 2.09012
2.10917 0.42755 2.09012
2.05595 0.63598 2.09012
1.98219 0.838055 2.09012
1.88862 1.03176 2.09012
1.77618 1.21515 2.09012
1.64599 1.3864 2.09012
1.49936 1.5438 2.09012
1.33775 1.68577 2.09012
1.16277 1.8109 2.09012
0.97617 1.91794 2.09012
0.779818 2.00581 2.09012
0.575675 2.07364 2.09012
0.36578 2.12076 2.09012
0.152231 2.14668 2.09012
-0.0628399 2.15115 2.09012
-0.277283 2.13413 2.09012
-0.488955 2.09579 2.09012
-0.695742 2.0365 2.09012
-0.895577 1.95687 2.09012
-1.08646 1.85769 2.09012
-1.26649 1.73994 2.09012
-1.43387 1.60481 2.09012
-1.58692 1.45364 2.09012
-1.72412 1.28795 2.09012
-1.84408 1.10939 2.09012
-1.94562 0.919752 2.09012
-2.02773 0.720918 2.09012
-2.08957 0.514882 2.09012
-2.13053 0.303701 2.09012
-2.15021 0.0894862 2.09012
-2.1484 -0.125623 2.09012
-2.12512 -0.339477 2.09012
-2.08062 -0.54994 2.09012
-2.01532 -0.754907 2.09012
-1.92989 -0.952332 2.09012
-1.82517 -1.14024 2.09012
-1.70222 -1.31676 2.09012
-1.56226 -1.48012 2.09012
-1.40669 -1.62869 2.09012
-1.23706 -1.76099 2.09012
-1.05508 -1.87569 2.09012
-0.862551 -1.97165 2.09012
-0.661405 -2.04791 2.09012
-0.453651 -2.10371 2.09012
-0.241364 -2.13849 2.09012
-0.0266658 -2.1519 2.09012
0.188299 -2.14381 2.09012
0.401383 -2.11431 2.09012
0.610456 -2.06367 2.09012
0.813429 -1.99242 2.09012
1.00828 -1.90126 2.09012
1.19305 -1.7911 2.09012
1.3659 -1.66305 2.09012
1.5251 -1.51838 2.09012
1.66907 -1.35853 2.09012
1.79636 -1.18512 2.09012
1.9057 -0.999862 2.09012
1.99599 -0.804615 2.09012
2.06635 -0.601328 2.09012
2.11606 -0.392033 2.09012
2.14463 -0.178822 2.09012
2.34998 0 1.86483
2.33824 0.234607 1.86483
2.30314 0.466869 1.86483
2.24502 0.694467 1.86483
2.16448 0.915126 1.86483
2.0623 1.12664 1.86483
1.93952 1.3269 1.86483
1.79736 1.5139 1.86483
1.63725 1.68577 1.86483
1.46077 1.8408 1.86483
1.2697 1.97744 1.86483
1.06594 2.09432 1.86483
0.851533 2.19027 1.86483
0.628617 2.26434 1.86483
0.399419 2.31579 1.86483
0.166231 2.34409 1.86483
-0.0686189 2.34898 1.86483
-0.302783 2.33039 1.86483
-0.533921 2.28852 1.86483
-0.759725 2.22379 1.86483
-0.977938 2.13683 1.86483
-1.18638 2.02853 1.86483
-1.38297 1.89995 1.86483
-1.56574 1.75239 1.86483
-1.73286 1.58733 1.86483
-1.88267 1.4064 1.86483
-2.01367 1.21142 1.86483
-2.12455 1.00434 1.86483
-2.2142 0.787217 1.86483
-2.28173 0.562233 1.86483
-2.32646 0.331631 1.86483
-2.34795 0.0977157 1.86483
-2.34597 -0.137176 1.86483
-2.32056 -0.370697 1.86483
-2.27196 -0.600514 1.86483
-2.20066 -0.824331 1.86483
-2.10737 -1.03991 1.86483
-1.99302 -1.2451 1.86483
-1.85876 -1.43785 1.86483
-1.70593 -1.61623 1.86483
-1.53605 -1.77847 1.86483
-1.35083 -1.92293 1.86483
-1.15211 -2.04818 1.86483
-0.941874 -2.15297 1.86483
-0.72223 -2.23625 1.86483
-0.49537 -2.29718 1.86483
-0.263561 -2.33515 1.86483
-0.0291181 -2.3498 1.86483
0.205616 -2.34097 1.86483
0.438295 -2.30875 1.86483
0.666595 -2.25346 1.86483
0.888235 -2.17565 1.86483
1.101 -2.0761 1.86483
1.30276 -1.95582 1.86483
1.49151 -1.81599 1.86483
1.66536 -1.65801 1.86483
1.82256 -1.48347 1.86483
1.96156 -1.29411 1.86483
2.08095 -1.09181 1.86483
2.17955 -0.87861 1.86483
2.25638 -0.656629 1.86483
2.31066 -0.428086 1.86483
2.34185 -0.195267 1.86483
2.52441 0 1.62091
2.5118 0.252021 1.62091
2.47409 0.501523 1.62091
2.41166 0.746015 1.62091
2.32514 0.983053 1.62091
2.21538 1.21027 1.62091
2.08349 1.42539 1.62091
1.93078 1.62627 1.62091
1.75878 1.8109 1.62091
1.5692 1.97744 1.62091
1.36395 2.12422 1.62091
1.14506 2.24978 1.62091
0.91474 2.35285 1.62091
0.675277 2.43242 1.62091
0.429067 2.48768 1.62091
0.178569 2.51809 1.62091
-0.0737123 2.52334 1.62091
-0.325257 2.50337 1.62091
-0.573553 2.45839 1.62091
-0.816117 2.38885 1.62091
-1.05053 2.29544 1.62091
-1.27444 2.1791 1.62091
-1.48562 2.04098 1.62091
-1.68196 1.88247 1.62091
-1.86149 1.70515 1.62091
-2.02242 1.51079 1.62091
-2.16314 1.30134 1.62091
-2.28225 1.07888 1.62091
-2.37856 0.84565 1.62091
-2.4511 0.603966 1.62091
-2.49915 0.356247 1.62091
-2.52223 0.104969 1.62091
-2.52011 -0.147358 1.62091
-2.49281 -0.398213 1.62091
-2.4406 -0.645089 1.62091
-2.364 -0.885519 1.62091
-2.26379 -1.1171 1.62091
-2.14096 -1.33752 1.62091
-1.99673 -1.54458 1.62091
-1.83256 -1.7362 1.62091
-1.65007 -1.91048 1.62091
-1.4511 -2.06567 1.62091
-1.23762 -2.20022 1.62091
-1.01179 -2.31278 1.62091
-0.77584 -2.40224 1.62091
-0.53214 -2.46769 1.62091
-0.283124 -2.50849 1.62091
-0.0312794 -2.52422 1.62091
0.220878 -2.51473 1.62091
0.470829 -2.48012 1.62091
0.716075 -2.42072 1.62091
0.954166 -2.33714 1.62091
1.18272 -2.23021 1.62091
1.39946 -2.10099 1.62091
1.60222 -1.95078 1.62091
1.78897 -1.78108 1.62091
1.95784 -1.59358 1.62091
2.10716 -1.39016 1.62091
2.23541 -1.17285 1.62091
2.34134 -0.943827 1.62091
2.42386 -0.705368 1.62091
2.48217 -0.459862 1.62091
2.51568 -0.209761 1.62091
2.67362 0 1.36079
2.66027 0.266917 1.36079
2.62033 0.531167 1.36079
2.55421 0.790109 1.36079
2.46257 1.04116 1.36079
2.34632 1.2818 1.36079
2.20664 1.50964 1.36079
2.0449 1.72239 1.36079
1.86273 1.91794 1.36079
1.66195 2.09432 1.36079
1.44456 2.24978 1.36079
1.21274 2.38275 1.36079
0.968807 2.49192 1.36079
0.71519 2.57619 1.36079
0.454427 2.63472 1.36079
0.189124 2.66692 1.36079
-0.0780692 2.67248 1.36079
-0.344482 2.65134 1.36079
-0.607453 2.6037 1.36079
-0.864355 2.53005 1.36079
-1.11262 2.43112 1.36079
-1.34977 2.3079 1.36079
-1.57343 2.16161 1.36079
-1.78137 1.99373 1.36079
-1.97151 1.80593 1.36079
-2.14195 1.60009 1.36079
-2.291 1.37826 1.36079
-2.41715 1.14265 1.36079
-2.51915 0.895633 1.36079
-2.59597 0.639664 1.36079
-2.64687 0.377303 1.36079
-2.67131 0.111173 1.36079
-2.66906 -0.156068 1.36079
-2.64015 -0.42175 1.36079
-2.58485 -0.683218 1.36079
-2.50373 -0.937859 1.36079
-2.39759 -1.18313 1.36079
-2.2675 -1.41658 1.36079
-2.11475 -1.63587 1.36079
-1.94087 -1.83882 1.36079
-1.7476 -2.0234 1.36079
-1.53687 -2.18776 1.36079
-1.31078 -2.33026 1.36079
-1.07159 -2.44948 1.36079
-0.821697 -2.54422 1.36079
-0.563593 -2.61354 1.36079
-0.299859 -2.65675 1.36079
-0.0331282 -2.67342 1.36079
0.233933 -2.66337 1.36079
0.498658 -2.62671 1.36079
0.758399 -2.5638 1.36079
1.01056 -2.47528 1.36079
1.25263 -2.36203 1.36079
1.48218 -2.22517 1.36079
1.69692 -2.06608 1.36079
1.89471 -1.88635 1.36079
2.07357 -1.68777 1.36079
2.2317 -1.47233 1.36079
2.36754 -1.24218 1.36079
2.47972 -0.999613 1.36079
2.56713 -0.74706 1.36079
2.62889 -0.487043 1.36079
2.66438 -0.222159 1.36079
2.79612 0 1.08707
2.78215 0.279146 1.08707
2.74038 0.555503 1.08707
2.67123 0.826309 1.08707
2.57539 1.08886 1.08707
2.45382 1.34053 1.08707
2.30774 1.57881 1.08707
2.13859 1.80131 1.08707
1.94807 2.00581 1.08707
1.73809 2.19027 1.08707
1.51075 2.35285 1.08707
1.26831 2.49192 1.08707
1.01319 2.60609 1.08707
0.747958 2.69422 1.08707
0.475248 2.75543 1.08707
0.197789 2.78911 1.08707
-0.081646 2.79492 1.08707
-0.360265 2.77281 1.08707
-0.635285 2.72299 1.08707
-0.903956 2.64597 1.08707
-1.1636 2.5425 1.08707
-1.41161 2.41363 1.08707
-1.64552 2.26065 1.08707
-1.86299 2.08508 1.08707
-2.06184 1.88867 1.08707
-2.24009 1.6734 1.08707
-2.39596 1.4414 1.08707
-2.52789 1.19501 1.08707
-2.63456 0.936668 1.08707
-2.71491 0.668971 1.08707
-2.76813 0.39459 1.08707
-2.7937 0.116267 1.08707
-2.79135 -0.163218 1.08707
-2.76111 -0.441073 1.08707
-2.70328 -0.71452 1.08707
-2.61844 -0.980828 1.08707
-2.50744 -1.23734 1.08707
-2.37139 -1.48148 1.08707
-2.21164 -1.71082 1.08707
-2.02979 -1.92307 1.08707
-1.82767 -2.11611 1.08707
-1.60728 -2.288 1.08707
-1.37083 -2.43703 1.08707
-1.12069 -2.56171 1.08707
-0.859344 -2.66079 1.08707
-0.589415 -2.73329 1.08707
-0.313597 -2.77848 1.08707
-0.034646 -2.7959 1.08707
0.244651 -2.78539 1.08707
0.521504 -2.74705 1.08707
0.793146 -2.68127 1.08707
1.05686 -2.58869 1.08707
1.31002 -2.47025 1.08707
1.55009 -2.32712 1.08707
1.77467 -2.16075 1.08707
1.98152 -1.97278 1.08707
2.16857 -1.7651 1.08707
2.33395 -1.53979 1.08707
2.47601 -1.29909 1.08707
2.59334 -1.04541 1.08707
2.68475 -0.781287 1.08707
2.74933 -0.509357 1.08707
2.78645 -0.232338 1.08707
2.89067 0 0.802496
2.87623 0.288586 0.802496
2.83305 0.574288 0.802496
2.76157 0.854253 0.802496
2.66249 1.12568 0.802496
2.53681 1.38586 0.802496
2.38578 1.6322 0.802496
2.21091 1.86222 0.802496
2.01395 2.07364 0.802496
1.79687 2.26434 0.802496
1.56184 2.43242 0.802496
1.3112 2.57619 0.802496
1.04746 2.69422 0.802496
0.773252 2.78533 0.802496
0.491319 2.84861 0.802496
0.204478 2.88343 0.802496
-0.0844071 2.88944 0.802496
-0.372448 2.86658 0.802496
-0.656768 2.81508 0.802496
-0.934526 2.73545 0.802496
-1.20295 2.62848 0.802496
-1.45935 2.49526 0.802496
-1.70117 2.3371 0.802496
-1.92599 2.15559 0.802496
-2.13157 1.95254 0.802496
-2.31585 1.72999 0.802496
-2.47699 1.49015 0.802496
-2.61338 1.23542 0.802496
-2.72366 0.968343 0.802496
-2.80672 0.691594 0.802496
-2.86175 0.407934 0.802496
-2.88817 0.120199 0.802496
-2.88575 -0.168738 0.802496
-2.85448 -0.455989 0.802496
-2.7947 -0.738683 0.802496
-2.70699 -1.014 0.802496
-2.59224 -1.27918 0.802496
-2.45158 -1.53158 0.802496
-2.28643 -1.76868 0.802496
-2.09844 -1.9881 0.802496
-1.88947 -2.18767 0.802496
-1.66163 -2.36537 0.802496
-1.41719 -2.51944 0.802496
-1.15858 -2.64834 0.802496
-0.888404 -2.75077 0.802496
-0.609348 -2.82572 0.802496
-0.324202 -2.87244 0.802496
-0.0358177 -2.89045 0.802496
0.252925 -2.87959 0.802496
0.53914 -2.83995 0.802496
0.819969 -2.77194 0.802496
1.0926 -2.67623 0.802496
1.35432 -2.55378 0.802496
1.60251 -2.40582 0.802496
1.83468 -2.23382 0.802496
2.04853 -2.03949 0.802496
2.2419 -1.82479 0.802496
2.41288 -1.59186 0.802496
2.55974 -1.34302 0.802496
2.68104 -1.08076 0.802496
2.77554 -0.807709 0.802496
2.84231 -0.526582 0.802496
2.88068 -0.240195 0.802496
2.95635 0 0.509901
2.94158 0.295142 0.509901
2.89742 0.587336 0.509901
2.82431 0.873661 0.509901
2.72298 1.15126 0.509901
2.59444 1.41735 0.509901
2.43998 1.66928 0.509901
2.26114 1.90453 0.509901
2.05971 2.12076 0.509901
1.8377 2.31579 0.509901
1.59732 2.48768 0.509901
1.34099 2.63472 0.509901
1.07126 2.75543 0.509901
0.790819 2.84861 0.509901
0.502482 2.91333 0.509901
0.209123 2.94894 0.509901
-0.0863248 2.95509 0.509901
-0.38091 2.93171 0.509901
-0.67169 2.87903 0.509901
-0.955758 2.79759 0.509901
-1.23028 2.6882 0.509901
-1.4925 2.55195 0.509901
-1.73981 2.3902 0.509901
-1.96974 2.20457 0.509901
-2.17999 1.99691 0.509901
-2.36846 1.76929 0.509901
-2.53326 1.524 0.509901
-2.67275 1.26349 0.509901
-2.78554 0.990344 0.509901
-2.87049 0.707306 0.509901
-2.92676 0.417202 0.509901
-2.95379 0.122929 0.509901
-2.95131 -0.172572 0.509901
-2.91934 -0.466348 0.509901
-2.85819 -0.755466 0.509901
-2.76849 -1.03703 0.509901
-2.65113 -1.30824 0.509901
-2.50728 -1.56638 0.509901
-2.33838 -1.80886 0.509901
-2.14611 -2.03327 0.509901
-1.9324 -2.23737 0.509901
-1.69938 -2.41911 0.509901
-1.44939 -2.57668 0.509901
-1.18491 -2.7085 0.509901
-0.908588 -2.81327 0.509901
-0.623192 -2.88992 0.509901
-0.331568 -2.9377 0.509901
-0.0366314 -2.95612 0.509901
0.258671 -2.94501 0.509901
0.551389 -2.90447 0.509901
0.838598 -2.83492 0.509901
1.11743 -2.73703 0.509901
1.38509 -2.6118 0.509901
1.63892 -2.46048 0.509901
1.87637 -2.28457 0.509901
2.09507 -2.08583 0.509901
2.29284 -1.86625 0.509901
2.4677 -1.62803 0.509901
2.6179 -1.37353 0.509901
2.74195 -1.10532 0.509901
2.8386 -0.826059 0.509901
2.90688 -0.538546 0.509901
2.94613 -0.245652 0.509901
2.99249 0 0.212211
2.97754 0.29875 0.212211
2.93283 0.594515 0.212211
2.85883 0.88434 0.212211
2.75626 1.16533 0.212211
2.62615 1.43467 0.212211
2.4698 1.68968 0.212211
2.28878 1.92781 0.212211
2.08488 2.14668 0.212211
1.86016 2.34409 0.212211
1.61685 2.51809 0.212211
1.35738 2.66692 0.212211
1.08435 2.78911 0.212211
0.800486 2.88343 0.212211
0.508624 2.94894 0.212211
0.211679 2.98499 0.212211
-0.0873799 2.99121 0.212211
-0.385566 2.96754 0.212211
-0.6799 2.91422 0.212211
-0.96744 2.83179 0.212211
-1.24531 2.72106 0.212211
-1.51074 2.58314 0.212211
-1.76108 2.41941 0.212211
-1.99382 2.23151 0.212211
-2.20664 2.02131 0.212211
-2.39741 1.79092 0.212211
-2.56423 1.54263 0.212211
-2.70542 1.27893 0.212211
-2.81959 1.00245 0.212211
-2.90558 0.715952 0.212211
-2.96254 0.422302 0.212211
-2.9899 0.124432 0.212211
-2.98738 -0.174681 0.212211
-2.95502 -0.472049 0.212211
-2.89313 -0.7647 0.212211
-2.80233 -1.04971 0.212211
-2.68354 -1.32423 0.212211
-2.53793 -1.58552 0.212211
-2.36696 -1.83097 0.212211
-2.17234 -2.05813 0.212211
-1.95602 -2.26472 0.212211
-1.72016 -2.44868 0.212211
-1.4671 -2.60818 0.212211
-1.19939 -2.74161 0.212211
-0.919694 -2.84765 0.212211
-0.630809 -2.92524 0.212211
-0.335621 -2.9736 0.212211
-0.0370792 -2.99226 0.212211
0.261833 -2.98101 0.212211
0.558129 -2.93998 0.212211
0.848848 -2.86957 0.212211
1.13109 -2.77049 0.212211
1.40202 -2.64373 0.212211
1.65895 -2.49055 0.212211
1.8993 -2.31249 0.212211
2.12068 -2.11132 0.212211
2.32086 -1.88906 0.212211
2.49786 -1.64793 0.212211
2.6499 -1.39032 0.212211
2.77546 -1.11883 0.212211
2.87329 -0.836156 0.212211
2.94241 -0.545129 0.212211
2.98214 -0.248654 0.212211
2.99872 0 -0.0875994
2.98374 0.299373 -0.0875994
2.93895 0.595754 -0.0875994
2.86479 0.886183 -0.0875994
2.762 1.16776 -0.0875994
2.63162 1.43766 -0.0875994
2.47495 1.69321 -0.0875994
2.29355 1.93183 -0.0875994
2.08923 2.15115 -0.0875994
1.86403 2.34898 -0.0875994
1.62022 2.52334 -0.0875994
1.36021 2.67248 -0.0875994
1.08661 2.79492 -0.0875994
0.802154 2.88944 -0.0875994
0.509683 2.95509 -0.0875994
0.21212 2.99121 -0.0875994
-0.087562 2.99744 -0.0875994
-0.386369 2.97373 -0.0875994
-0.681317 2.9203 -0.0875994
-0.969456 2.83769 -0.0875994
-1.24791 2.72673 -0.0875994
-1.51389 2.58852 -0.0875994
-1.76475 2.42445 -0.0875994
-1.99798 2.23616 -0.0875994
-2.21124 2.02553 -0.0875994
-2.40241 1.79465 -0.0875994
-2.56957 1.54585 -0.0875994
-2.71106 1.28159 -0.0875994
-2.82546 1.00454 -0.0875994
-2.91163 0.717444 -0.0875994
-2.96871 0.423182 -0.0875994
-2.99613 0.124691 -0.0875994
-2.99361 -0.175045 -0.0875994
-2.96118 -0.473032 -0.0875994
-2.89916 -0.766293 -0.0875994
-2.80817 -1.0519 -0.0875994
-2.68913 -1.32699 -0.0875994
-2.54322 -1.58883 -0.0875994
-2.37189 -1.83479 -0.0875994
-2.17687 -2.06242 -0.0875994
-1.9601 -2.26944 -0.0875994
-1.72374 -2.45378 -0.0875994
-1.47016 -2.61361 -0.0875994
-1.20189 -2.74732 -0.0875994
-0.921611 -2.85359 -0.0875994
-0.632123 -2.93134 -0.0875994
-0.33632 -2.9798 -0.0875994
-0.0371564 -2.99849 -0.0875994
0.262378 -2.98722 -0.0875994
0.559292 -2.9461 -0.0875994
0.850617 -2.87555 -0.0875994
1.13344 -2.77626 -0.0875994
1.40494 -2.64924 -0.0875994
1.66241 -2.49574 -0.0875994
1.90326 -2.31731 -0.0875994
2.1251 -2.11572 -0.0875994
2.3257 -1.893 -0.0875994
2.50307 -1.65136 -0.0875994
2.65542 -1.39322 -0.0875994
2.78125 -1.12116 -0.0875994
2.87928 -0.837899 -0.0875994
2.94855 -0.546265 -0.0875994
2.98835 -0.249172 -0.0875994
2.97499 0 -0.386534
2.96013 0.297004 -0.386534
2.91569 0.59104 -0.386534
2.84212 0.879171 -0.386534
2.74015 1.15852 -0.386534
2.6108 1.42629 -0.386534
2.45537 1.67981 -0.386534
2.2754 1.91654 -0.386534
2.0727 2.13413 -0.386534
1.84929 2.33039 -0.386534
1.6074 2.50337 -0.386534
1.34945 2.65134 -0.386534
1.07801 2.77281 -0.386534
0.795807 2.86658 -0.386534
0.505651 2.93171 -0.386534
0.210442 2.96754 -0.386534
-0.0868692 2.97373 -0.386534
-0.383312 2.9502 -0.386534
-0.675926 2.89719 -0.386534
-0.961785 2.81524 -0.386534
-1.23804 2.70515 -0.386534
-1.50191 2.56804 -0.386534
-1.75079 2.40527 -0.386534
-1.98217 2.21847 -0.386534
-2.19374 2.0095 -0.386534
-2.3834 1.78045 -0.386534
-2.54924 1.53361 -0.386534
-2.68961 1.27145 -0.386534
-2.80311 0.996589 -0.386534
-2.88859 0.711767 -0.386534
-2.94522 0.419833 -0.386534
-2.97242 0.123705 -0.386534
-2.96992 -0.17366 -0.386534
-2.93775 -0.46929 -0.386534
-2.87622 -0.76023 -0.386534
-2.78595 -1.04357 -0.386534
-2.66785 -1.31649 -0.386534
-2.52309 -1.57626 -0.386534
-2.35313 -1.82027 -0.386534
-2.15965 -2.0461 -0.386534
-1.94459 -2.25148 -0.386534
-1.7101 -2.43437 -0.386534
-1.45853 -2.59293 -0.386534
-1.19238 -2.72559 -0.386534
-0.914319 -2.83101 -0.386534
-0.627122 -2.90815 -0.386534
-0.333659 -2.95622 -0.386534
-0.0368624 -2.97477 -0.386534
0.260302 -2.96358 -0.386534
0.554866 -2.92279 -0.386534
0.843887 -2.8528 -0.386534
1.12447 -2.7543 -0.386534
1.39383 -2.62828 -0.386534
1.64925 -2.476 -0.386534
1.8882 -2.29897 -0.386534
2.10828 -2.09898 -0.386534
2.3073 -1.87802 -0.386534
2.48326 -1.63829 -0.386534
2.63441 -1.3822 -0.386534
2.75924 -1.11229 -0.386534
2.8565 -0.831269 -0.386534
2.92522 -0.541942 -0.386534
2.96471 -0.247201 -0.386534
2.92154 0 -0.681607
2.90695 0.291668 -0.681607
2.86331 0.580421 -0.681607
2.79106 0.863375 -0.681607
2.69092 1.1377 -0.681607
2.56389 1.40066 -0.681607
2.41125 1.64963 -0.681607
2.23452 1.88211 -0.681607
2.03546 2.09579 -0.681607
1.81606 2.28852 -0.681607
1.57852 2.45839 -0.681607
1.3252 2.6037 -0.681607
1.05864 2.72299 -0.681607
0.781509 2.81508 -0.681607
0.496566 2.87903 -0.681607
0.206661 2.91422 -0.681607
-0.0853084 2.9203 -0.681607
-0.376426 2.89719 -0.681607
-0.663782 2.84514 -0.681607
-0.944505 2.76466 -0.681607
-1.21579 2.65655 -0.681607
-1.47493 2.5219 -0.681607
-1.71933 2.36206 -0.681607
-1.94655 2.17861 -0.681607
-2.15433 1.97339 -0.681607
-2.34057 1.74846 -0.681607
-2.50344 1.50606 -0.681607
-2.64128 1.24861 -0.681607
-2.75274 0.978684 -0.681607
-2.8367 0.698979 -0.681607
-2.8923 0.41229 -0.681607
-2.91902 0.121482 -0.681607
-2.91656 -0.17054 -0.681607
-2.88496 -0.460858 -0.681607
-2.82454 -0.746571 -0.681607
-2.7359 -1.02482 -0.681607
-2.61992 -1.29284 -0.681607
-2.47776 -1.54794 -0.681607
-2.31085 -1.78757 -0.681607
-2.12085 -2.00933 -0.681607
-1.90965 -2.21103 -0.681607
-1.67938 -2.39063 -0.681607
-1.43232 -2.54634 -0.681607
-1.17096 -2.67662 -0.681607
-0.897891 -2.78014 -0.681607
-0.615854 -2.85589 -0.681607
-0.327664 -2.90311 -0.681607
-0.0362001 -2.92132 -0.681607
0.255626 -2.91034 -0.681607
0.544897 -2.87028 -0.681607
0.828725 -2.80154 -0.681607
1.10427 -2.70481 -0.681607
1.36878 -2.58105 -0.681607
1.61962 -2.43151 -0.681607
1.85428 -2.25767 -0.681607
2.0704 -2.06127 -0.681607
2.26584 -1.84428 -0.681607
2.43864 -1.60886 -0.681607
2.58708 -1.35736 -0.681607
2.70966 -1.09231 -0.681607
2.80518 -0.816334 -0.681607
2.87266 -0.532205 -0.681607
2.91144 -0.24276 -0.681607
2.8389 0 -0.96987
2.82472 0.283417 -0.96987
2.78231 0.564002 -0.96987
2.7121 0.838952 -0.96987
2.6148 1.10552 -0.96987
2.49137 1.36104 -0.96987
2.34305 1.60296 -0.96987
2.17131 1.82887 -0.96987
1.97788 2.0365 -0.96987
1.76469 2.22379 -0.96987
1.53386 2.38885 -0.96987
1.28771 2.53005 -0.96987
1.0287 2.64597 -0.96987
0.759402 2.73545 -0.96987
0.482519 2.79759 -0.96987
0.200815 2.83179 -0.96987
-0.0828953 2.83769 -0.96987
-0.365777 2.81524 -0.96987
-0.645005 2.76466 -0.96987
-0.917788 2.68645 -0.96987
-1.1814 2.5814 -0.96987
-1.43321 2.45056 -0.96987
-1.6707 2.29524 -0.96987
-1.89149 2.11698 -0.96987
-2.09339 1.91757 -0.96987
-2.27437 1.699 -0.96987
-2.43262 1.46346 -0.96987
-2.56657 1.21329 -0.96987
-2.67487 0.950999 -0.96987
-2.75645 0.679207 -0.96987
-2.81049 0.400628 -0.96987
-2.83644 0.118046 -0.96987
-2.83406 -0.165716 -0.96987
-2.80336 -0.447821 -0.96987
-2.74464 -0.725453 -0.96987
-2.65851 -0.995835 -0.96987
-2.54581 -1.25627 -0.96987
-2.40767 -1.50415 -0.96987
-2.24548 -1.737 -0.96987
-2.06085 -1.9525 -0.96987
-1.85563 -2.14848 -0.96987
-1.63187 -2.323 -0.96987
-1.39181 -2.47431 -0.96987
-1.13783 -2.6009 -0.96987
-0.872492 -2.7015 -0.96987
-0.598433 -2.77511 -0.96987
-0.318395 -2.82099 -0.96987
-0.0351761 -2.83868 -0.96987
0.248395 -2.82801 -0.96987
0.529484 -2.78909 -0.96987
0.805282 -2.72229 -0.96987
1.07303 -2.6283 -0.96987
1.33007 -2.50804 -0.96987
1.57381 -2.36273 -0.96987
1.80182 -2.19381 -0.96987
2.01184 -2.00296 -0.96987
2.20175 -1.79211 -0.96987
2.36966 -1.56335 -0.96987
2.5139 -1.31897 -0.96987
2.63301 -1.06141 -0.96987
2.72582 -0.793242 -0.96987
2.7914 -0.517151 -0.96987
2.82908 -0.235892 -0.96987
2.72789 0 -1.24844
2.71426 0.272335 -1.24844
2.67352 0.541948 -1.24844
2.60605 0.806147 -1.24844
2.51255 1.06229 -1.24844
2.39395 1.30782 -1.24844
2.25143 1.54028 -1.24844
2.08641 1.75736 -1.24844
1.90054 1.95687 -1.24844
1.69568 2.13683 -1.24844
1.47389 2.29544 -1.24844
1.23736 2.43112 -1.24844
0.988472 2.5425 -1.24844
0.729707 2.62848 -1.24844
0.463651 2.6882 -1.24844
0.192963 2.72106 -1.24844
-0.0796539 2.72673 -1.24844
-0.351475 2.70515 -1.24844
-0.619784 2.65655 -1.24844
-0.8819 2.5814 -1.24844
-1.1352 2.48046 -1.24844
-1.37717 2.35474 -1.24844
-1.60537 2.20549 -1.24844
-1.81753 2.0342 -1.24844
-2.01153 1.84259 -1.24844
-2.18543 1.63257 -1.24844
-2.3375 1.40623 -1.24844
-2.46621 1.16585 -1.24844
-2.57028 0.913813 -1.24844
-2.64867 0.652648 -1.24844
-2.70059 0.384962 -1.24844
-2.72553 0.11343 -1.24844
-2.72324 -0.159236 -1.24844
-2.69374 -0.430311 -1.24844
-2.63732 -0.697086 -1.24844
-2.55455 -0.956896 -1.24844
-2.44626 -1.20714 -1.24844
-2.31353 -1.44533 -1.24844
-2.15768 -1.66908 -1.24844
-1.98027 -1.87615 -1.24844
-1.78307 -2.06447 -1.24844
-1.56806 -2.23217 -1.24844
-1.33738 -2.37756 -1.24844
-1.09334 -2.4992 -1.24844
-0.838376 -2.59587 -1.24844
-0.575033 -2.6666 -1.24844
-0.305945 -2.71068 -1.24844
-0.0338007 -2.72768 -1.24844
0.238682 -2.71743 -1.24844
0.508779 -2.68003 -1.24844
0.773794 -2.61584 -1.24844
1.03108 -2.52553 -1.24844
1.27806 -2.40997 -1.24844
1.51227 -2.27034 -1.24844
1.73137 -2.10802 -1.24844
1.93317 -1.92464 -1.24844
2.11565 -1.72203 -1.24844
2.277 -1.50222 -1.24844
2.4156 -1.26739 -1.24844
2.53006 -1.0199 -1.24844
2.61924 -0.762224 -1.24844
2.68225 -0.496929 -1.24844
2.71846 -0.226669 -1.24844
2.58963 0 -1.51454
2.57669 0.258531 -1.51454
2.53801 0.51448 -1.51454
2.47397 0.765287 -1.51454
2.38521 1.00845 -1.51454
2.27261 1.24153 -1.51454
2.13731 1.46221 -1.51454
1.98066 1.66828 -1.51454
1.80421 1.85769 -1.51454
1.60974 2.02853 -1.51454
1.39918 2.1791 -1.51454
1.17464 2.3079 -1.51454
0.938371 2.41363 -1.51454
0.692722 2.49526 -1.51454
0.440151 2.55195 -1.51454
0.183182 2.58314 -1.51454
-0.0756166 2.58852 -1.51454
-0.33366 2.56804 -1.51454
-0.58837 2.5219 -1.51454
-0.837201 2.45056 -1.51454
-1.07767 2.35474 -1.51454
-1.30736 2.23539 -1.51454
-1.524 2.0937 -1.51454
-1.72541 1.9311 -1.51454
-1.90958 1.7492 -1.51454
-2.07466 1.54982 -1.51454
-2.21902 1.33496 -1.51454
-2.34121 1.10676 -1.51454
-2.44 0.867496 -1.51454
-2.51442 0.619568 -1.51454
-2.56371 0.36545 -1.51454
-2.58739 0.107681 -1.51454
-2.58521 -0.151165 -1.51454
-2.55721 -0.4085 -1.51454
-2.50365 -0.661754 -1.51454
-2.42508 -0.908395 -1.51454
-2.32227 -1.14596 -1.51454
-2.19627 -1.37208 -1.51454
-2.04831 -1.58448 -1.51454
-1.8799 -1.78106 -1.51454
-1.6927 -1.95983 -1.51454
-1.48858 -2.11903 -1.51454
-1.2696 -2.25706 -1.51454
-1.03792 -2.37253 -1.51454
-0.795882 -2.46429 -1.51454
-0.545888 -2.53144 -1.51454
-0.290438 -2.57329 -1.51454
-0.0320875 -2.58943 -1.51454
0.226584 -2.5797 -1.51454
0.482992 -2.54419 -1.51454
0.734574 -2.48326 -1.51454
0.978816 -2.39752 -1.51454
1.21328 -2.28782 -1.51454
1.43562 -2.15527 -1.51454
1.64361 -2.00118 -1.51454
1.83519 -1.82709 -1.51454
2.00842 -1.63475 -1.51454
2.16159 -1.42608 -1.51454
2.29316 -1.20315 -1.51454
2.40182 -0.968209 -1.51454
2.48648 -0.72359 -1.51454
2.5463 -0.471742 -1.51454
2.58067 -0.21518 -1.51454
2.42549 0 -1.7655
2.41337 0.242145 -1.7655
2.37714 0.48187 -1.7655
2.31716 0.716781 -1.7655
2.23402 0.94453 -1.7655
2.12857 1.16284 -1.7655
2.00184 1.36953 -1.7655
1.85512 1.56254 -1.7655
1.68985 1.73994 -1.7655
1.50771 1.89995 -1.7655
1.3105 2.04098 -1.7655
1.10019 2.16161 -1.7655
0.878894 2.26065 -1.7655
0.648815 2.3371 -1.7655
0.412253 2.3902 -1.7655
0.171572 2.41941 -1.7655
-0.0708238 2.42445 -1.7655
-0.312512 2.40527 -1.7655
-0.551077 2.36206 -1.7655
-0.784136 2.29524 -1.7655
-1.00936 2.20549 -1.7655
-1.2245 2.0937 -1.7655
-1.4274 1.961 -1.7655
-1.61604 1.8087 -1.7655
-1.78854 1.63833 -1.7655
-1.94316 1.45159 -1.7655
-2.07837 1.25034 -1.7655
-2.19282 1.03661 -1.7655
-2.28535 0.812511 -1.7655
-2.35505 0.580298 -1.7655
-2.40122 0.342287 -1.7655
-2.42339 0.100855 -1.7655
-2.42135 -0.141584 -1.7655
-2.39512 -0.382608 -1.7655
-2.34496 -0.61981 -1.7655
-2.27137 -0.850818 -1.7655
-2.17508 -1.07333 -1.7655
-2.05706 -1.28511 -1.7655
-1.91849 -1.48405 -1.7655
-1.76074 -1.66817 -1.7655
-1.58541 -1.83561 -1.7655
-1.39423 -1.98472 -1.7655
-1.18913 -2.114 -1.7655
-0.972138 -2.22215 -1.7655
-0.745437 -2.3081 -1.7655
-0.511287 -2.37099 -1.7655
-0.27203 -2.41019 -1.7655
-0.0300537 -2.4253 -1.7655
0.212223 -2.41619 -1.7655
0.452378 -2.38293 -1.7655
0.688014 -2.32586 -1.7655
0.916775 -2.24556 -1.7655
1.13638 -2.14281 -1.7655
1.34462 -2.01866 -1.7655
1.53944 -1.87434 -1.7655
1.71887 -1.71129 -1.7655
1.88112 -1.53114 -1.7655
2.02458 -1.33569 -1.7655
2.14781 -1.12689 -1.7655
2.24959 -0.906841 -1.7655
2.32888 -0.677727 -1.7655
2.38491 -0.441841 -1.7655
2.4171 -0.201541 -1.7655
2.23712 0 -1.99883
2.22594 0.223339 -1.99883
2.19252 0.444446 -1.99883
2.1372 0.661113 -1.99883
2.06052 0.871174 -1.99883
1.96325 1.07253 -1.99883
1.84637 1.26317 -1.99883
1.71104 1.44119 -1.99883
1.55861 1.60481 -1.99883
1.39061 1.75239 -1.99883
1.20872 1.88247 -1.99883
1.01475 1.99373 -1.99883
0.810636 2.08508 -1.99883
0.598425 2.15559 -1.99883
0.380236 2.20457 -1.99883
0.158247 2.23151 -1.99883
-0.0653233 2.23616 -1.99883
-0.288241 2.21847 -1.99883
-0.508278 2.17861 -1.99883
-0.723237 2.11698 -1.99883
-0.930969 2.0342 -1.99883
-1.1294 1.9311 -1.99883
-1.31655 1.8087 -1.99883
-1.49054 1.66823 -1.99883
-1.64963 1.51109 -1.99883
-1.79225 1.33885 -1.99883
-1.91696 1.15324 -1.99883
-2.02251 0.956099 -1.99883
-2.10786 0.749408 -1.99883
-2.17215 0.53523 -1.99883
-2.21473 0.315703 -1.99883
-2.23518 0.0930226 -1.99883
-2.2333 -0.130588 -1.99883
-2.20911 -0.352893 -1.99883
-2.16284 -0.571673 -1.99883
-2.09496 -0.78474 -1.99883
-2.00615 -0.989967 -1.99883
-1.8973 -1.1853 -1.99883
-1.76949 -1.36879 -1.99883
-1.624 -1.53861 -1.99883
-1.46228 -1.69305 -1.99883
-1.28595 -1.83058 -1.99883
-1.09677 -1.94981 -1.99883
-0.896638 -2.04957 -1.99883
-0.687543 -2.12884 -1.99883
-0.471579 -2.18685 -1.99883
-0.250903 -2.223 -1.99883
-0.0277196 -2.23694 -1.99883
0.19574 -2.22854 -1.99883
0.417245 -2.19786 -1.99883
0.63458 -2.14523 -1.99883
0.845575 -2.07116 -1.99883
1.04812 -1.97639 -1.99883
1.24019 -1.86188 -1.99883
1.41988 -1.72877 -1.99883
1.58537 -1.57838 -1.99883
1.73503 -1.41222 -1.99883
1.86735 -1.23195 -1.99883
1.98101 -1.03938 -1.99883
2.07487 -0.836412 -1.99883
2.14801 -0.625092 -1.99883
2.19968 -0.407526 -1.99883
2.22938 -0.185888 -1.99883
2.02639 0 -2.21218
2.01627 0.202301 -2.21218
1.986 0.402582 -2.21218
1.93588 0.598839 -2.21218
1.86643 0.789113 -2.21218
1.77832 0.971503 -2.21218
1.67245 1.14419 -2.21218
1.54987 1.30544 -2.21218
1.4118 1.45364 -2.21218
1.25962 1.58733 -2.21218
1.09486 1.70515 -2.21218
0.919162 1.80593 -2.21218
0.734278 1.88867 -2.21218
0.542057 1.95254 -2.21218
0.344419 1.99691 -2.21218
0.143341 2.02131 -2.21218
-0.0591701 2.02553 -2.21218
-0.26109 2.0095 -2.21218
-0.460401 1.97339 -2.21218
-0.655111 1.91757 -2.21218
-0.843276 1.84259 -2.21218
-1.02302 1.7492 -2.21218
-1.19253 1.63833 -2.21218
-1.35013 1.51109 -2.21218
-1.49425 1.36875 -2.21218
-1.62343 1.21274 -2.21218
-1.73639 1.04461 -2.21218
-1.832 0.866039 -2.21218
-1.90931 0.678818 -2.21218
-1.96754 0.484814 -2.21218
-2.00611 0.285966 -2.21218
-2.02464 0.0842603 -2.21218
-2.02293 -0.118287 -2.21218
-2.00102 -0.319652 -2.21218
-1.95911 -0.517824 -2.21218
-1.89763 -0.710821 -2.21218
-1.81718 -0.896717 -2.21218
-1.71858 -1.07365 -2.21218
-1.60281 -1.23986 -2.21218
-1.47102 -1.39368 -2.21218
-1.32454 -1.53357 -2.21218
-1.16482 -1.65815 -2.21218
-0.993462 -1.76615 -2.21218
-0.812179 -1.85651 -2.21218
-0.62278 -1.92832 -2.21218
-0.427158 -1.98086 -2.21218
-0.227269 -2.0136 -2.21218
-0.0251085 -2.02623 -2.21218
0.177303 -2.01862 -2.21218
0.377942 -1.99083 -2.21218
0.574806 -1.94316 -2.21218
0.765926 -1.87606 -2.21218
0.949393 -1.79023 -2.21218
1.12337 -1.6865 -2.21218
1.28613 -1.56593 -2.21218
1.43604 -1.4297 -2.21218
1.5716 -1.2792 -2.21218
1.69145 -1.11591 -2.21218
1.7944 -0.941471 -2.21218
1.87943 -0.757626 -2.21218
1.94568 -0.566211 -2.21218
1.99248 -0.369139 -2.21218
2.01938 -0.168379 -2.21218
1.79542 0 -2.40343
1.78645 0.179243 -2.40343
1.75963 0.356694 -2.40343
1.71523 0.530582 -2.40343
1.65369 0.699168 -2.40343
1.57563 0.860769 -2.40343
1.48182 1.01377 -2.40343
1.37321 1.15664 -2.40343
1.25088 1.28795 -2.40343
1.11605 1.4064 -2.40343
0.970068 1.51079 -2.40343
0.814394 1.60009 -2.40343
0.650583 1.6734 -2.40343
0.480272 1.72999 -2.40343
0.305162 1.76929 -2.40343
0.127002 1.79092 -2.40343
-0.0524258 1.79465 -2.40343
-0.23133 1.78045 -2.40343
-0.407923 1.74846 -2.40343
-0.58044 1.699 -2.40343
-0.747158 1.63257 -2.40343
-0.90641 1.54982 -2.40343
-1.0566 1.45159 -2.40343
-1.19624 1.33885 -2.40343
-1.32393 1.21274 -2.40343
-1.43839 1.07451 -2.40343
-1.53847 0.925541 -2.40343
-1.62319 0.767326 -2.40343
-1.69168 0.601444 -2.40343
-1.74327 0.429553 -2.40343
-1.77745 0.253371 -2.40343
-1.79386 0.0746561 -2.40343
-1.79236 -0.104804 -2.40343
-1.77294 -0.283218 -2.40343
-1.73581 -0.458801 -2.40343
-1.68133 -0.6298 -2.40343
-1.61006 -0.794507 -2.40343
-1.52269 -0.951275 -2.40343
-1.42012 -1.09854 -2.40343
-1.30335 -1.23483 -2.40343
-1.17357 -1.35877 -2.40343
-1.03205 -1.46915 -2.40343
-0.880225 -1.56484 -2.40343
-0.719604 -1.6449 -2.40343
-0.551794 -1.70852 -2.40343
-0.37847 -1.75507 -2.40343
-0.201364 -1.78409 -2.40343
-0.0222466 -1.79528 -2.40343
0.157093 -1.78853 -2.40343
0.334863 -1.76391 -2.40343
0.509288 -1.72167 -2.40343
0.678624 -1.66223 -2.40343
0.841179 -1.58617 -2.40343
0.995329 -1.49427 -2.40343
1.13953 -1.38744 -2.40343
1.27235 -1.26674 -2.40343
1.39246 -1.13339 -2.40343
1.49865 -0.988715 -2.40343
1.58987 -0.83416 -2.40343
1.66521 -0.67127 -2.40343
1.7239 -0.501673 -2.40343
1.76538 -0.327064 -2.40343
1.78921 -0.149186 -2.40343
1.5465 0 -2.57067
1.53878 0.154393 -2.57067
1.51568 0.307243 -2.57067
1.47743 0.457023 -2.57067
1.42443 0.602237 -2.57067
1.35719 0.741434 -2.57067
1.27639 0.873222 -2.57067
1.18283 0.996286 -2.57067
1.07746 1.10939 -2.57067
0.961323 1.21142 -2.57067
0.83558 1.30134 -2.57067
0.701488 1.37826 -2.57067
0.560388 1.4414 -2.57067
0.413688 1.49015 -2.57067
0.262855 1.524 -2.57067
0.109395 1.54263 -2.57067
-0.0451576 1.54585 -2.57067
-0.199259 1.53361 -2.57067
-0.35137 1.50606 -2.57067
-0.499969 1.46346 -2.57067
-0.643573 1.40623 -2.57067
-0.780747 1.33496 -2.57067
-0.91012 1.25034 -2.57067
-1.0304 1.15324 -2.57067
-1.14038 1.04461 -2.57067
-1.23897 0.92554 -2.57067
-1.32518 0.797226 -2.57067
-1.39815 0.660946 -2.57067
-1.45715 0.518062 -2.57067
-1.50159 0.370001 -2.57067
-1.53103 0.218244 -2.57067
-1.54517 0.064306 -2.57067
-1.54387 -0.0902745 -2.57067
-1.52714 -0.243953 -2.57067
-1.49516 -0.395194 -2.57067
-1.44824 -0.542486 -2.57067
-1.38684 -0.684358 -2.57067
-1.31159 -0.819392 -2.57067
-1.22324 -0.946239 -2.57067
-1.12266 -1.06363 -2.57067
-1.01086 -1.1704 -2.57067
-0.88897 -1.26547 -2.57067
-0.758193 -1.3479 -2.57067
-0.61984 -1.41685 -2.57067
-0.475295 -1.47166 -2.57067
-0.326 -1.51175 -2.57067
-0.173448 -1.53675 -2.57067
-0.0191624 -1.54639 -2.57067
0.135314 -1.54057 -2.57067
0.288439 -1.51937 -2.57067
0.438681 -1.48298 -2.57067
0.584541 -1.43178 -2.57067
0.72456 -1.36627 -2.57067
0.857339 -1.28711 -2.57067
0.981552 -1.19509 -2.57067
1.09596 -1.09112 -2.57067
1.19941 -0.976261 -2.57067
1.29088 -0.851642 -2.57067
1.36946 -0.718514 -2.57067
1.43435 -0.578207 -2.57067
1.48491 -0.432122 -2.57067
1.52063 -0.28172 -2.57067
1.54116 -0.128504 -2.57067
1.28214 0 -2.71222
1.27574 0.128 -2.71222
1.25658 0.254722 -2.71222
1.22488 0.378899 -2.71222
1.18093 0.499289 -2.71222
1.12518 0.614691 -2.71222
1.0582 0.723951 -2.71222
0.980635 0.825978 -2.71222
0.893276 0.919752 -2.71222
0.796991 1.00434 -2.71222
0.692743 1.07888 -2.71222
0.581574 1.14265 -2.71222
0.464593 1.19501 -2.71222
0.342971 1.23542 -2.71222
0.217922 1.26349 -2.71222
0.0906947 1.27893 -2.71222
-0.0374382 1.28159 -2.71222
-0.165197 1.27145 -2.71222
-0.291305 1.24861 -2.71222
-0.414503 1.21329 -2.71222
-0.533559 1.16585 -2.71222
-0.647284 1.10676 -2.71222
-0.754541 1.03661 -2.71222
-0.85426 0.956099 -2.71222
-0.945442 0.866039 -2.71222
-1.02718 0.767326 -2.71222
-1.09865 0.660946 -2.71222
-1.15915 0.547962 -2.71222
-1.20806 0.429503 -2.71222
-1.2449 0.306752 -2.71222
-1.26931 0.180937 -2.71222
-1.28103 0.0533133 -2.71222
-1.27995 -0.0748427 -2.71222
-1.26609 -0.202251 -2.71222
-1.23957 -0.327638 -2.71222
-1.20067 -0.449752 -2.71222
-1.14977 -0.567372 -2.71222
-1.08738 -0.679323 -2.71222
-1.01413 -0.784486 -2.71222
-0.930749 -0.881811 -2.71222
-0.838065 -0.970326 -2.71222
-0.737007 -1.04915 -2.71222
-0.628585 -1.11748 -2.71222
-0.513883 -1.17465 -2.71222
-0.394046 -1.22009 -2.71222
-0.270272 -1.25333 -2.71222
-0.143798 -1.27405 -2.71222
-0.0158867 -1.28204 -2.71222
0.112183 -1.27722 -2.71222
0.239132 -1.25964 -2.71222
0.363692 -1.22948 -2.71222
0.484618 -1.18703 -2.71222
0.600701 -1.13271 -2.71222
0.710783 -1.06709 -2.71222
0.813763 -0.990795 -2.71222
0.908612 -0.904605 -2.71222
0.994382 -0.809376 -2.71222
1.07022 -0.70606 -2.71222
1.13536 -0.595689 -2.71222
1.18916 -0.479366 -2.71222
1.23107 -0.358254 -2.71222
1.26069 -0.233562 -2.71222
1.27771 -0.106537 -2.71222
1.00497 0 -2.82667
0.999945 0.100329 -2.82667
0.984934 0.199656 -2.82667
0.960081 0.296988 -2.82667
0.925635 0.391352 -2.82667
0.881941 0.481806 -2.82667
0.829434 0.567447 -2.82667
0.76864 0.647417 -2.82667
0.700167 0.720919 -2.82667
0.624697 0.787217 -2.82667
0.542985 0.84565 -2.82667
0.455849 0.895633 -2.82667
0.364157 0.936668 -2.82667
0.268827 0.968343 -2.82667
0.170811 0.990344 -2.82667
0.0710882 1.00245 -2.82667
-0.0293448 1.00454 -2.82667
-0.129485 0.996589 -2.82667
-0.228331 0.978684 -2.82667
-0.324895 0.950999 -2.82667
-0.418214 0.913813 -2.82667
-0.507353 0.867496 -2.82667
-0.591424 0.812511 -2.82667
-0.669585 0.749408 -2.82667
-0.741056 0.678818 -2.82667
-0.805122 0.601444 -2.82667
-0.861144 0.518062 -2.82667
-0.908562 0.429503 -2.82667
-0.946901 0.336652 -2.82667
-0.97578 0.240438 -2.82667
-0.994909 0.141822 -2.82667
-1.0041 0.041788 -2.82667
-1.00325 -0.0586631 -2.82667
-0.992384 -0.158528 -2.82667
-0.9716 -0.256809 -2.82667
-0.941108 -0.352524 -2.82667
-0.901212 -0.444717 -2.82667
-0.852312 -0.532466 -2.82667
-0.794897 -0.614895 -2.82667
-0.729538 -0.69118 -2.82667
-0.656891 -0.76056 -2.82667
-0.57768 -0.82234 -2.82667
-0.492697 -0.875903 -2.82667
-0.402791 -0.920715 -2.82667
-0.308861 -0.956327 -2.82667
-0.211844 -0.982384 -2.82667
-0.112711 -0.998625 -2.82667
-0.0124523 -1.00489 -2.82667
0.0879313 -1.00111 -2.82667
0.187436 -0.987332 -2.82667
0.285069 -0.963687 -2.82667
0.379852 -0.930413 -2.82667
0.470841 -0.887843 -2.82667
0.557125 -0.836402 -2.82667
0.637843 -0.776604 -2.82667
0.712187 -0.709046 -2.82667
0.779415 -0.634404 -2.82667
0.838856 -0.553423 -2.82667
0.889916 -0.466912 -2.82667
0.932083 -0.375736 -2.82667
0.964938 -0.280806 -2.82667
0.988151 -0.183071 -2.82667
1.00149 -0.0835056 -2.82667
0.71775 0 -2.91287
0.714164 0.0716554 -2.91287
0.703443 0.142595 -2.91287
0.685693 0.21211 -2.91287
0.661091 0.279505 -2.91287
0.629885 0.344108 -2.91287
0.592384 0.405272 -2.91287
0.548965 0.462387 -2.91287
0.500061 0.514882 -2.91287
0.44616 0.562233 -2.91287
0.387802 0.603966 -2.91287
0.325568 0.639664 -2.91287
0.260082 0.668971 -2.91287
0.191997 0.691594 -2.91287
0.121994 0.707306 -2.91287
0.0507714 0.715952 -2.91287
-0.0209581 0.717444 -2.91287
-0.0924783 0.711767 -2.91287
-0.163074 0.698979 -2.91287
-0.232041 0.679207 -2.91287
-0.298689 0.652648 -2.91287
-0.362353 0.619568 -2.91287
-0.422397 0.580298 -2.91287
-0.478219 0.53523 -2.91287
-0.529264 0.484814 -2.91287
-0.575021 0.429553 -2.91287
-0.615032 0.370001 -2.91287
-0.648897 0.306752 -2.91287
-0.67628 0.240438 -2.91287
-0.696905 0.171722 -2.91287
-0.710567 0.101289 -2.91287
-0.717129 0.0298451 -2.91287
-0.716526 -0.0418974 -2.91287
-0.708763 -0.113221 -2.91287
-0.693919 -0.183414 -2.91287
-0.672142 -0.251774 -2.91287
-0.643649 -0.317618 -2.91287
-0.608724 -0.380289 -2.91287
-0.567718 -0.43916 -2.91287
-0.521039 -0.493643 -2.91287
-0.469153 -0.543194 -2.91287
-0.412581 -0.587318 -2.91287
-0.351886 -0.625573 -2.91287
-0.287675 -0.657577 -2.91287
-0.220589 -0.683012 -2.91287
-0.1513 -0.701622 -2.91287
-0.0804989 -0.713221 -2.91287
-0.00889347 -0.717695 -2.91287
0.0628008 -0.714997 -2.91287
0.133868 -0.705155 -2.91287
0.203597 -0.688268 -2.91287
0.271292 -0.664504 -2.91287
0.336276 -0.6341 -2.91287
0.3979 -0.597361 -2.91287
0.455549 -0.554653 -2.91287
0.508646 -0.506403 -2.91287
0.556661 -0.453093 -2.91287
0.599114 -0.395256 -2.91287
0.63558 -0.33347 -2.91287
0.665697 -0.268352 -2.91287
0.689161 -0.200553 -2.91287
0.70574 -0.13075 -2.91287
0.715268 -0.0596399 -2.91287
0.423362 0 -2.96998
0.421247 0.0422657 -2.96998
0.414923 0.0841091 -2.96998
0.404453 0.125112 -2.96998
0.389942 0.164865 -2.96998
0.371535 0.202971 -2.96998
0.349416 0.239048 -2.96998
0.323805 0.272737 -2.96998
0.294959 0.303701 -2.96998
0.263166 0.331631 -2.96998
0.228743 0.356247 -2.96998
0.192035 0.377303 -2.96998
0.153408 0.39459 -2.96998
0.113249 0.407934 -2.96998
0.0719576 0.417202 -2.96998
0.0299474 0.422302 -2.96998
-0.0123621 0.423182 -2.96998
-0.054548 0.419833 -2.96998
-0.0961889 0.41229 -2.96998
-0.136869 0.400628 -2.96998
-0.176181 0.384962 -2.96998
-0.213733 0.36545 -2.96998
-0.249149 0.342287 -2.96998
-0.282076 0.315703 -2.96998
-0.312185 0.285966 -2.96998
-0.339174 0.253371 -2.96998
-0.362774 0.218244 -2.96998
-0.38275 0.180937 -2.96998
-0.398901 0.141822 -2.96998
-0.411067 0.101289 -2.96998
-0.419125 0.0597452 -2.96998
-0.422996 0.017604 -2.96998
-0.42264 -0.024713 -2.96998
-0.418062 -0.0667831 -2.96998
-0.409306 -0.108186 -2.96998
-0.39646 -0.148508 -2.96998
-0.379654 -0.187346 -2.96998
-0.359054 -0.224312 -2.96998
-0.334866 -0.259037 -2.96998
-0.307333 -0.291174 -2.96998
-0.276728 -0.320401 -2.96998
-0.243359 -0.346427 -2.96998
-0.207558 -0.368992 -2.96998
-0.169684 -0.38787 -2.96998
-0.130114 -0.402872 -2.96998
-0.0892437 -0.413849 -2.96998
-0.047482 -0.420691 -2.96998
-0.00524578 -0.42333 -2.96998
0.0370428 -0.421738 -2.96998
0.0789613 -0.415933 -2.96998
0.120091 -0.405973 -2.96998
0.16002 -0.391955 -2.96998
0.198351 -0.374022 -2.96998
0.2347 -0.352351 -2.96998
0.268704 -0.32716 -2.96998
0.300023 -0.2987 -2.96998
0.328344 -0.267255 -2.96998
0.353385 -0.23314 -2.96998
0.374895 -0.196696 -2.96998
0.392659 -0.158286 -2.96998
0.406499 -0.118295 -2.96998
0.416278 -0.0771221 -2.96998
0.421898 -0.0351784 -2.96998
0.124744 0 -2.99741
0.124121 0.0124537 -2.99741
0.122258 0.0247829 -2.99741
0.119173 0.0368645 -2.99741
0.114897 0.0485778 -2.99741
0.109474 0.0598057 -2.99741
0.102956 0.070436 -2.99741
0.0954098 0.0803626 -2.99741
0.0869103 0.0894862 -2.99741
0.0775424 0.0977157 -2.99741
0.0673997 0.104969 -2.99741
0.0565836 0.111173 -2.99741
0.0452021 0.116267 -2.99741
0.033369 0.120199 -2.99741
0.0212024 0.122929 -2.99741
0.00882404 0.124432 -2.99741
-0.00364251 0.124691 -2.99741
-0.0160727 0.123705 -2.99741
-0.0283422 0.121482 -2.99741
-0.0403286 0.118046 -2.99741
-0.051912 0.11343 -2.99741
-0.0629767 0.107681 -2.99741
-0.0734122 0.100855 -2.99741
-0.0831142 0.0930226 -2.99741
-0.0919857 0.0842603 -2.99741
-0.0999382 0.0746561 -2.99741
-0.106892 0.064306 -2.99741
-0.112778 0.0533133 -2.99741
-0.117537 0.041788 -2.99741
-0.121122 0.0298451 -2.99741
-0.123496 0.017604 -2.99741
-0.124637 0.00518706 -2.99741
-0.124532 -0.00728174 -2.99741
-0.123183 -0.0196778 -2.99741
-0.120603 -0.0318772 -2.99741
-0.116818 -0.0437581 -2.99741
-0.111866 -0.0552018 -2.99741
-0.105796 -0.066094 -2.99741
-0.0986689 -0.0763257 -2.99741
-0.0905561 -0.0857948 -2.99741
-0.0815385 -0.0944068 -2.99741
-0.0717062 -0.102075 -2.99741
-0.0611575 -0.108724 -2.99741
-0.0499977 -0.114286 -2.99741
-0.0383383 -0.118707 -2.99741
-0.0262958 -0.121941 -2.99741
-0.0139906 -0.123957 -2.99741
-0.00154568 -0.124735 -2.99741
0.0109147 -0.124266 -2.99741
0.0232661 -0.122556 -2.99741
0.035385 -0.119621 -2.99741
0.0471503 -0.11549 -2.99741
0.0584446 -0.110206 -2.99741
0.0691548 -0.103821 -2.99741
0.0791741 -0.0963983 -2.99741
0.0884023 -0.0880125 -2.99741
0.0967473 -0.0787473 -2.99741
0.104126 -0.0686953 -2.99741
0.110463 -0.0579569 -2.99741
0.115698 -0.0466394 -2.99741
0.119776 -0.0348559 -2.99741
0.122657 -0.0227242 -2.99741
0.124313 -0.0103654 -2.99741
