-1.000000 -1.000000 0.139708
-1.000000 -0.900000 0.127583
-1.000000 -0.800000 0.104061
-1.000000 -0.700000 0.071244
-1.000000 -0.600000 0.032063
-1.000000 -0.500000 -0.009982
-1.000000 -0.400000 -0.051136
-1.000000 -0.300000 -0.087722
-1.000000 -0.200000 -0.116471
-1.000000 -0.100000 -0.134817
-1.000000 0.000000 -0.141120
-1.000000 0.100000 -0.134817
-1.000000 0.200000 -0.116471
-1.000000 0.300000 -0.087722
-1.000000 0.400000 -0.051136
-1.000000 0.500000 -0.009982
-1.000000 0.600000 0.032063
-1.000000 0.700000 0.071244
-1.000000 0.800000 0.104061
-1.000000 0.900000 0.127583

-0.900000 -1.000000 0.423103
-0.900000 -0.900000 0.386382
-0.900000 -0.800000 0.315147
-0.900000 -0.700000 0.215761
-0.900000 -0.600000 0.097102
-0.900000 -0.500000 -0.030232
-0.900000 -0.400000 -0.154865
-0.900000 -0.300000 -0.265664
-0.900000 -0.200000 -0.352732
-0.900000 -0.100000 -0.408292
-0.900000 0.000000 -0.427380
-0.900000 0.100000 -0.408292
-0.900000 0.200000 -0.352732
-0.900000 0.300000 -0.265664
-0.900000 0.400000 -0.154864
-0.900000 0.500000 -0.030232
-0.900000 0.600000 0.097102
-0.900000 0.700000 0.215761
-0.900000 0.800000 0.315147
-0.900000 0.900000 0.386382

-0.800000 -1.000000 0.668704
-0.800000 -0.900000 0.610667
-0.800000 -0.800000 0.498082
-0.800000 -0.700000 0.341005
-0.800000 -0.600000 0.153466
-0.800000 -0.500000 -0.047781
-0.800000 -0.400000 -0.244759
-0.800000 -0.300000 -0.419875
-0.800000 -0.200000 -0.557484
-0.800000 -0.100000 -0.645295
-0.800000 0.000000 -0.675463
-0.800000 0.100000 -0.645295
-0.800000 0.200000 -0.557484
-0.800000 0.300000 -0.419875
-0.800000 0.400000 -0.244759
-0.800000 0.500000 -0.047780
-0.800000 0.600000 0.153467
-0.800000 0.700000 0.341005
-0.800000 0.800000 0.498082
-0.800000 0.900000 0.610668

-0.700000 -1.000000 0.854571
-0.700000 -0.900000 0.780403
-0.700000 -0.800000 0.636525
-0.700000 -0.700000 0.435788
-0.700000 -0.600000 0.196123
-0.700000 -0.500000 -0.061061
-0.700000 -0.400000 -0.312791
-0.700000 -0.300000 -0.536580
-0.700000 -0.200000 -0.712438
-0.700000 -0.100000 -0.824656
-0.700000 0.000000 -0.863209
-0.700000 0.100000 -0.824655
-0.700000 0.200000 -0.712437
-0.700000 0.300000 -0.536579
-0.700000 0.400000 -0.312790
-0.700000 0.500000 -0.061061
-0.700000 0.600000 0.196123
-0.700000 0.700000 0.435788
-0.700000 0.800000 0.636525
-0.700000 0.900000 0.780404

-0.600000 -1.000000 0.964102
-0.600000 -0.900000 0.880428
-0.600000 -0.800000 0.718109
-0.600000 -0.700000 0.491643
-0.600000 -0.600000 0.221260
-0.600000 -0.500000 -0.068887
-0.600000 -0.400000 -0.352881
-0.600000 -0.300000 -0.605354
-0.600000 -0.200000 -0.803751
-0.600000 -0.100000 -0.930352
-0.600000 0.000000 -0.973848
-0.600000 0.100000 -0.930352
-0.600000 0.200000 -0.803751
-0.600000 0.300000 -0.605353
-0.600000 0.400000 -0.352881
-0.600000 0.500000 -0.068887
-0.600000 0.600000 0.221260
-0.600000 0.700000 0.491644
-0.600000 0.800000 0.718109
-0.600000 0.900000 0.880429

-0.500000 -1.000000 0.987513
-0.500000 -0.900000 0.901807
-0.500000 -0.800000 0.735546
-0.500000 -0.700000 0.503581
-0.500000 -0.600000 0.226633
-0.500000 -0.500000 -0.070560
-0.500000 -0.400000 -0.361450
-0.500000 -0.300000 -0.620053
-0.500000 -0.200000 -0.823268
-0.500000 -0.100000 -0.952943
-0.500000 0.000000 -0.997495
-0.500000 0.100000 -0.952943
-0.500000 0.200000 -0.823268
-0.500000 0.300000 -0.620053
-0.500000 0.400000 -0.361450
-0.500000 0.500000 -0.070560
-0.500000 0.600000 0.226633
-0.500000 0.700000 0.503582
-0.500000 0.800000 0.735547
-0.500000 0.900000 0.901808

-0.400000 -1.000000 0.922712
-0.400000 -0.900000 0.842630
-0.400000 -0.800000 0.687280
-0.400000 -0.700000 0.470536
-0.400000 -0.600000 0.211761
-0.400000 -0.500000 -0.065930
-0.400000 -0.400000 -0.337732
-0.400000 -0.300000 -0.579365
-0.400000 -0.200000 -0.769245
-0.400000 -0.100000 -0.890411
-0.400000 0.000000 -0.932039
-0.400000 0.100000 -0.890411
-0.400000 0.200000 -0.769245
-0.400000 0.300000 -0.579365
-0.400000 0.400000 -0.337731
-0.400000 0.500000 -0.065930
-0.400000 0.600000 0.211761
-0.400000 0.700000 0.470537
-0.400000 0.800000 0.687280
-0.400000 0.900000 0.842631

-0.300000 -1.000000 0.775488
-0.300000 -0.900000 0.708184
-0.300000 -0.800000 0.577620
-0.300000 -0.700000 0.395459
-0.300000 -0.600000 0.177973
-0.300000 -0.500000 -0.055411
-0.300000 -0.400000 -0.283845
-0.300000 -0.300000 -0.486924
-0.300000 -0.200000 -0.646508
-0.300000 -0.100000 -0.748341
-0.300000 0.000000 -0.783327
-0.300000 0.100000 -0.748341
-0.300000 0.200000 -0.646507
-0.300000 0.300000 -0.486924
-0.300000 0.400000 -0.283844
-0.300000 0.500000 -0.055410
-0.300000 0.600000 0.177974
-0.300000 0.700000 0.395460
-0.300000 0.800000 0.577620
-0.300000 0.900000 0.708184

-0.200000 -1.000000 0.558992
-0.200000 -0.900000 0.510477
-0.200000 -0.800000 0.416364
-0.200000 -0.700000 0.285057
-0.200000 -0.600000 0.128288
-0.200000 -0.500000 -0.039941
-0.200000 -0.400000 -0.204603
-0.200000 -0.300000 -0.350987
-0.200000 -0.200000 -0.466019
-0.200000 -0.100000 -0.539423
-0.200000 0.000000 -0.564642
-0.200000 0.100000 -0.539423
-0.200000 0.200000 -0.466019
-0.200000 0.300000 -0.350987
-0.200000 0.400000 -0.204602
-0.200000 0.500000 -0.039941
-0.200000 0.600000 0.128288
-0.200000 0.700000 0.285058
-0.200000 0.800000 0.416364
-0.200000 0.900000 0.510477

-0.100000 -1.000000 0.292563
-0.100000 -0.900000 0.267171
-0.100000 -0.800000 0.217915
-0.100000 -0.700000 0.149192
-0.100000 -0.600000 0.067143
-0.100000 -0.500000 -0.020904
-0.100000 -0.400000 -0.107084
-0.100000 -0.300000 -0.183698
-0.100000 -0.200000 -0.243903
-0.100000 -0.100000 -0.282321
-0.100000 0.000000 -0.295520
-0.100000 0.100000 -0.282321
-0.100000 0.200000 -0.243903
-0.100000 0.300000 -0.183698
-0.100000 0.400000 -0.107084
-0.100000 0.500000 -0.020904
-0.100000 0.600000 0.067143
-0.100000 0.700000 0.149192
-0.100000 0.800000 0.217915
-0.100000 0.900000 0.267171

0.000000 -1.000000 -0.000000
0.000000 -0.900000 -0.000000
0.000000 -0.800000 -0.000000
0.000000 -0.700000 -0.000000
0.000000 -0.600000 -0.000000
0.000000 -0.500000 0.000000
0.000000 -0.400000 0.000000
0.000000 -0.300000 0.000000
0.000000 -0.200000 0.000000
0.000000 -0.100000 0.000000
0.000000 0.000000 0.000000
0.000000 0.100000 0.000000
0.000000 0.200000 0.000000
0.000000 0.300000 0.000000
0.000000 0.400000 0.000000
0.000000 0.500000 0.000000
0.000000 0.600000 -0.000000
0.000000 0.700000 -0.000000
0.000000 0.800000 -0.000000
0.000000 0.900000 -0.000000

0.100000 -1.000000 -0.292563
0.100000 -0.900000 -0.267172
0.100000 -0.800000 -0.217915
0.100000 -0.700000 -0.149192
0.100000 -0.600000 -0.067143
0.100000 -0.500000 0.020904
0.100000 -0.400000 0.107084
0.100000 -0.300000 0.183699
0.100000 -0.200000 0.243904
0.100000 -0.100000 0.282321
0.100000 0.000000 0.295520
0.100000 0.100000 0.282321
0.100000 0.200000 0.243903
0.100000 0.300000 0.183698
0.100000 0.400000 0.107084
0.100000 0.500000 0.020904
0.100000 0.600000 -0.067143
0.100000 0.700000 -0.149192
0.100000 0.800000 -0.217915
0.100000 0.900000 -0.267172

0.200000 -1.000000 -0.558992
0.200000 -0.900000 -0.510478
0.200000 -0.800000 -0.416364
0.200000 -0.700000 -0.285058
0.200000 -0.600000 -0.128288
0.200000 -0.500000 0.039941
0.200000 -0.400000 0.204603
0.200000 -0.300000 0.350988
0.200000 -0.200000 0.466020
0.200000 -0.100000 0.539424
0.200000 0.000000 0.564643
0.200000 0.100000 0.539424
0.200000 0.200000 0.466020
0.200000 0.300000 0.350987
0.200000 0.400000 0.204603
0.200000 0.500000 0.039941
0.200000 0.600000 -0.128288
0.200000 0.700000 -0.285058
0.200000 0.800000 -0.416364
0.200000 0.900000 -0.510478

0.300000 -1.000000 -0.775488
0.300000 -0.900000 -0.708184
0.300000 -0.800000 -0.577620
0.300000 -0.700000 -0.395460
0.300000 -0.600000 -0.177973
0.300000 -0.500000 0.055411
0.300000 -0.400000 0.283845
0.300000 -0.300000 0.486924
0.300000 -0.200000 0.646508
0.300000 -0.100000 0.748341
0.300000 0.000000 0.783327
0.300000 0.100000 0.748341
0.300000 0.200000 0.646508
0.300000 0.300000 0.486924
0.300000 0.400000 0.283845
0.300000 0.500000 0.055410
0.300000 0.600000 -0.177974
0.300000 0.700000 -0.395460
0.300000 0.800000 -0.577621
0.300000 0.900000 -0.708184

0.400000 -1.000000 -0.922712
0.400000 -0.900000 -0.842631
0.400000 -0.800000 -0.687280
0.400000 -0.700000 -0.470536
0.400000 -0.600000 -0.211761
0.400000 -0.500000 0.065930
0.400000 -0.400000 0.337732
0.400000 -0.300000 0.579365
0.400000 -0.200000 0.769245
0.400000 -0.100000 0.890411
0.400000 0.000000 0.932039
0.400000 0.100000 0.890411
0.400000 0.200000 0.769245
0.400000 0.300000 0.579365
0.400000 0.400000 0.337731
0.400000 0.500000 0.065930
0.400000 0.600000 -0.211761
0.400000 0.700000 -0.470537
0.400000 0.800000 -0.687280
0.400000 0.900000 -0.842631

0.500000 -1.000000 -0.987513
0.500000 -0.900000 -0.901807
0.500000 -0.800000 -0.735546
0.500000 -0.700000 -0.503581
0.500000 -0.600000 -0.226633
0.500000 -0.500000 0.070560
0.500000 -0.400000 0.361450
0.500000 -0.300000 0.620053
0.500000 -0.200000 0.823268
0.500000 -0.100000 0.952943
0.500000 0.000000 0.997495
0.500000 0.100000 0.952943
0.500000 0.200000 0.823268
0.500000 0.300000 0.620053
0.500000 0.400000 0.361450
0.500000 0.500000 0.070560
0.500000 0.600000 -0.226633
0.500000 0.700000 -0.503582
0.500000 0.800000 -0.735547
0.500000 0.900000 -0.901808

0.600000 -1.000000 -0.964102
0.600000 -0.900000 -0.880428
0.600000 -0.800000 -0.718109
0.600000 -0.700000 -0.491643
0.600000 -0.600000 -0.221260
0.600000 -0.500000 0.068887
0.600000 -0.400000 0.352881
0.600000 -0.300000 0.605354
0.600000 -0.200000 0.803751
0.600000 -0.100000 0.930352
0.600000 0.000000 0.973848
0.600000 0.100000 0.930352
0.600000 0.200000 0.803751
0.600000 0.300000 0.605353
0.600000 0.400000 0.352881
0.600000 0.500000 0.068887
0.600000 0.600000 -0.221260
0.600000 0.700000 -0.491643
0.600000 0.800000 -0.718109
0.600000 0.900000 -0.880429

0.700000 -1.000000 -0.854571
0.700000 -0.900000 -0.780403
0.700000 -0.800000 -0.636525
0.700000 -0.700000 -0.435788
0.700000 -0.600000 -0.196123
0.700000 -0.500000 0.061061
0.700000 -0.400000 0.312791
0.700000 -0.300000 0.536580
0.700000 -0.200000 0.712437
0.700000 -0.100000 0.824655
0.700000 0.000000 0.863209
0.700000 0.100000 0.824655
0.700000 0.200000 0.712437
0.700000 0.300000 0.536579
0.700000 0.400000 0.312790
0.700000 0.500000 0.061061
0.700000 0.600000 -0.196123
0.700000 0.700000 -0.435788
0.700000 0.800000 -0.636525
0.700000 0.900000 -0.780404

0.800000 -1.000000 -0.668703
0.800000 -0.900000 -0.610667
0.800000 -0.800000 -0.498082
0.800000 -0.700000 -0.341005
0.800000 -0.600000 -0.153466
0.800000 -0.500000 0.047781
0.800000 -0.400000 0.244759
0.800000 -0.300000 0.419875
0.800000 -0.200000 0.557484
0.800000 -0.100000 0.645294
0.800000 0.000000 0.675463
0.800000 0.100000 0.645294
0.800000 0.200000 0.557483
0.800000 0.300000 0.419874
0.800000 0.400000 0.244759
0.800000 0.500000 0.047780
0.800000 0.600000 -0.153467
0.800000 0.700000 -0.341005
0.800000 0.800000 -0.498082
0.800000 0.900000 -0.610667

0.900000 -1.000000 -0.423102
0.900000 -0.900000 -0.386382
0.900000 -0.800000 -0.315147
0.900000 -0.700000 -0.215761
0.900000 -0.600000 -0.097101
0.900000 -0.500000 0.030232
0.900000 -0.400000 0.154864
0.900000 -0.300000 0.265663
0.900000 -0.200000 0.352731
0.900000 -0.100000 0.408291
0.900000 0.000000 0.427379
0.900000 0.100000 0.408291
0.900000 0.200000 0.352731
0.900000 0.300000 0.265663
0.900000 0.400000 0.154864
0.900000 0.500000 0.030232
0.900000 0.600000 -0.097102
0.900000 0.700000 -0.215761
0.900000 0.800000 -0.315147
0.900000 0.900000 -0.386382

